JOB_NAME=142-82597-1000-b04
ODB_VERSION_MAJOR=7
ODB_VERSION_MINOR=0
ODB_SOURCE=Cadence Allegro extract file
CREATION_DATE=20160310.154243
SAVE_DATE=20160310.154342
SAVE_APP=Enterprise 3000 8.2.1
SAVE_USER=admin
